30,0.7349
30,0.7887
30,0.8157
30,0.8313
30,0.8491
30,0.8589
30,0.8618
30,0.8685
30,0.8756
30,0.8813
30,0.883
30,0.8858
30,0.8875
30,0.8936
30,0.8957
30,0.8943
30,0.9004
30,0.8988
30,0.904
30,0.9049
30,0.903
30,0.9054
30,0.909
30,0.908
30,0.9089
30,0.9124
30,0.9106
30,0.9115
30,0.9138
30,0.9148
30,0.916
30,0.9152
30,0.9164
30,0.9169
30,0.9202
30,0.9214
30,0.9232
30,0.9241
30,0.9245
30,0.9232
30,0.9235
30,0.9257
30,0.9238
30,0.9248
30,0.9263
30,0.928
30,0.928
30,0.9282
30,0.9317
30,0.9283

32,0.7505
32,0.786
32,0.8187
32,0.8409
32,0.8549
32,0.8628
32,0.8694
32,0.8716
32,0.8797
32,0.8811
32,0.8856
32,0.8879
32,0.8869
32,0.8951
32,0.8954
32,0.8942
32,0.8942
32,0.9008
32,0.901
32,0.8993
32,0.9024
32,0.9044
32,0.9053
32,0.9068
32,0.9076
32,0.9111
32,0.9096
32,0.9101
32,0.9117
32,0.9163
32,0.9193
32,0.9176
32,0.919
32,0.9222
32,0.9213
32,0.9201
32,0.9202
32,0.9254
32,0.9219
32,0.9237
32,0.9235
32,0.9232
32,0.9236
32,0.9284
32,0.9259
32,0.9271
32,0.9247
32,0.9248
32,0.9259
32,0.9255

40,0.752
40,0.7963
40,0.8259
40,0.8407
40,0.8466
40,0.8647
40,0.8637
40,0.872
40,0.877
40,0.8792
40,0.89
40,0.8904
40,0.8902
40,0.8923
40,0.8973
40,0.8986
40,0.9008
40,0.9024
40,0.9023
40,0.9008
40,0.9052
40,0.9099
40,0.9086
40,0.9109
40,0.9088
40,0.9098
40,0.9121
40,0.9141
40,0.9137
40,0.9149
40,0.9148
40,0.9174
40,0.9184
40,0.9182
40,0.9223
40,0.9196
40,0.9217
40,0.9223
40,0.9181
40,0.9204
40,0.9205
40,0.9238
40,0.9222
40,0.9219
40,0.9229
40,0.9259
40,0.927
40,0.9243
40,0.925
40,0.9253

48,0.7456
48,0.801
48,0.8145
48,0.8345
48,0.843
48,0.8507
48,0.857
48,0.8662
48,0.867
48,0.8766
48,0.879
48,0.8791
48,0.8832
48,0.8852
48,0.8862
48,0.8891
48,0.8919
48,0.8954
48,0.8932
48,0.8996
48,0.899
48,0.9041
48,0.9074
48,0.9093
48,0.911
48,0.9095
48,0.9142
48,0.9128
48,0.9164
48,0.9144
48,0.9187
48,0.9155
48,0.9165
48,0.9182
48,0.9149
48,0.9187
48,0.9221
48,0.9232
48,0.9217
48,0.9216
48,0.9231
48,0.923
48,0.921
48,0.9226
48,0.9228
48,0.926
48,0.9238
48,0.9258
48,0.929
48,0.9265

50,0.7433
50,0.7929
50,0.8172
50,0.8391
50,0.8483
50,0.8567
50,0.8664
50,0.8717
50,0.8776
50,0.8841
50,0.8862
50,0.8856
50,0.8883
50,0.8926
50,0.894
50,0.8923
50,0.8955
50,0.8993
50,0.9048
50,0.905
50,0.905
50,0.9071
50,0.9082
50,0.9087
50,0.9095
50,0.9092
50,0.9072
50,0.9076
50,0.9151
50,0.9157
50,0.9158
50,0.9177
50,0.9192
50,0.9208
50,0.9189
50,0.9168
50,0.9201
50,0.9159
50,0.916
50,0.92
50,0.918
50,0.9192
50,0.9225
50,0.9232
50,0.9217
50,0.9228
50,0.9222
50,0.9255
50,0.9248
50,0.9278

60,0.7458
60,0.7929
60,0.8184
60,0.8369
60,0.8479
60,0.8568
60,0.8635
60,0.868
60,0.8729
60,0.8814
60,0.8821
60,0.8851
60,0.8912
60,0.8929
60,0.8933
60,0.8933
60,0.8975
60,0.9008
60,0.9013
60,0.9016
60,0.9051
60,0.9031
60,0.9059
60,0.9115
60,0.9138
60,0.9097
60,0.9106
60,0.913
60,0.9118
60,0.9148
60,0.9156
60,0.9151
60,0.9135
60,0.9184
60,0.9147
60,0.9159
60,0.9163
60,0.9155
60,0.9166
60,0.9212
60,0.9201
60,0.9206
60,0.9207
60,0.9232
60,0.9225
60,0.9216
60,0.9224
60,0.9262
60,0.9235
60,0.9244

75,0.728
75,0.7941
75,0.8114
75,0.8352
75,0.8447
75,0.8608
75,0.8622
75,0.8675
75,0.8732
75,0.879
75,0.8827
75,0.8876
75,0.891
75,0.8879
75,0.8912
75,0.8932
75,0.8974
75,0.8962
75,0.8987
75,0.9033
75,0.9078
75,0.9088
75,0.9068
75,0.9122
75,0.9092
75,0.9093
75,0.9115
75,0.9144
75,0.9136
75,0.9167
75,0.9141
75,0.9146
75,0.9193
75,0.9164
75,0.9154
75,0.9153
75,0.9189
75,0.9195
75,0.922
75,0.9213
75,0.9219
75,0.9242
75,0.9255
75,0.9236
75,0.925
75,0.9247
75,0.9241
75,0.9256
75,0.9259
75,0.9246

80,0.7463
80,0.7984
80,0.8187
80,0.8421
80,0.8454
80,0.8602
80,0.8658
80,0.8669
80,0.8755
80,0.8792
80,0.8813
80,0.881
80,0.8871
80,0.8883
80,0.8946
80,0.8957
80,0.8978
80,0.8959
80,0.8996
80,0.9054
80,0.9043
80,0.905
80,0.9072
80,0.9096
80,0.9096
80,0.905
80,0.9114
80,0.9125
80,0.9099
80,0.9155
80,0.9173
80,0.9172
80,0.9201
80,0.9205
80,0.9191
80,0.9227
80,0.925
80,0.9234
80,0.9195
80,0.9204
80,0.9208
80,0.9224
80,0.925
80,0.9219
80,0.9232
80,0.9276
80,0.924
80,0.9267
80,0.9273
80,0.9293

96,0.7486
96,0.7992
96,0.818
96,0.8319
96,0.8477
96,0.8504
96,0.8583
96,0.8635
96,0.873
96,0.8748
96,0.8826
96,0.8866
96,0.8896
96,0.8889
96,0.8919
96,0.8935
96,0.8971
96,0.898
96,0.9041
96,0.9039
96,0.9009
96,0.9048
96,0.9067
96,0.907
96,0.9063
96,0.9092
96,0.9108
96,0.9138
96,0.9119
96,0.9144
96,0.9167
96,0.9167
96,0.9142
96,0.9229
96,0.9169
96,0.9205
96,0.9211
96,0.9228
96,0.9218
96,0.9194
96,0.9218
96,0.9207
96,0.9225
96,0.9244
96,0.924
96,0.921
96,0.9252
96,0.9262
96,0.9237
96,0.9245

100,0.7471
100,0.7889
100,0.8152
100,0.8283
100,0.8425
100,0.8561
100,0.857
100,0.8644
100,0.872
100,0.8762
100,0.8782
100,0.8876
100,0.8895
100,0.8891
100,0.8939
100,0.8963
100,0.8984
100,0.903
100,0.9048
100,0.903
100,0.9049
100,0.9093
100,0.9074
100,0.9099
100,0.9111
100,0.9099
100,0.9135
100,0.9147
100,0.9118
100,0.9114
100,0.9121
100,0.9142
100,0.9172
100,0.9164
100,0.9152
100,0.919
100,0.9196
100,0.9203
100,0.9186
100,0.9217
100,0.9207
100,0.9251
100,0.9252
100,0.9264
100,0.9255
100,0.9253
100,0.9275
100,0.9266
100,0.9251
100,0.9271

120,0.7606
120,0.7869
120,0.815
120,0.8376
120,0.8428
120,0.8531
120,0.8543
120,0.8613
120,0.864
120,0.8779
120,0.8799
120,0.8792
120,0.8809
120,0.8816
120,0.8862
120,0.8867
120,0.8893
120,0.8952
120,0.8971
120,0.8972
120,0.8988
120,0.9002
120,0.9031
120,0.9034
120,0.9045
120,0.903
120,0.9042
120,0.91
120,0.9106
120,0.9105
120,0.9133
120,0.9163
120,0.9179
120,0.9179
120,0.9197
120,0.918
120,0.9187
120,0.9212
120,0.922
120,0.9216
120,0.9244
120,0.9222
120,0.9229
120,0.9202
120,0.9197
120,0.9251
120,0.9215
120,0.9252
120,0.9268
120,0.9234

125,0.7486
125,0.7924
125,0.8146
125,0.8237
125,0.8456
125,0.8548
125,0.8596
125,0.8679
125,0.875
125,0.8798
125,0.8799
125,0.8852
125,0.8896
125,0.8882
125,0.8898
125,0.8957
125,0.8963
125,0.899
125,0.8946
125,0.8927
125,0.9017
125,0.9018
125,0.9046
125,0.9059
125,0.9112
125,0.9089
125,0.9115
125,0.9119
125,0.913
125,0.9138
125,0.9146
125,0.9145
125,0.9132
125,0.9171
125,0.9141
125,0.9194
125,0.9183
125,0.9182
125,0.9211
125,0.9216
125,0.923
125,0.924
125,0.9231
125,0.9255
125,0.9262
125,0.9265
125,0.9273
125,0.9261
125,0.9239
125,0.9253

150,0.7451
150,0.7887
150,0.8144
150,0.8347
150,0.8393
150,0.8511
150,0.8586
150,0.8653
150,0.8726
150,0.8746
150,0.879
150,0.8865
150,0.8848
150,0.8866
150,0.8901
150,0.8925
150,0.8941
150,0.8961
150,0.8973
150,0.9026
150,0.9061
150,0.9051
150,0.9069
150,0.9053
150,0.9078
150,0.9095
150,0.914
150,0.9114
150,0.9102
150,0.9144
150,0.9127
150,0.915
150,0.9165
150,0.9158
150,0.9153
150,0.917
150,0.9181
150,0.918
150,0.9185
150,0.9195
150,0.9188
150,0.9202
150,0.9241
150,0.9204
150,0.9207
150,0.9221
150,0.9237
150,0.9257
150,0.9269
150,0.9251

160,0.7467
160,0.7948
160,0.816
160,0.8242
160,0.8438
160,0.8534
160,0.8598
160,0.8625
160,0.8675
160,0.8785
160,0.8828
160,0.8804
160,0.8864
160,0.89
160,0.8965
160,0.8989
160,0.8955
160,0.898
160,0.9031
160,0.9064
160,0.9084
160,0.9054
160,0.907
160,0.9036
160,0.9124
160,0.9088
160,0.9107
160,0.911
160,0.9098
160,0.9122
160,0.9147
160,0.9137
160,0.9167
160,0.9218
160,0.9192
160,0.9174
160,0.9216
160,0.9226
160,0.922
160,0.922
160,0.9224
160,0.9252
160,0.9266
160,0.9271
160,0.926
160,0.927
160,0.9297
160,0.9299
160,0.9305
160,0.9296

200,0.7526
200,0.7901
200,0.812
200,0.8288
200,0.8469
200,0.8576
200,0.8658
200,0.8687
200,0.8713
200,0.8783
200,0.8785
200,0.8802
200,0.8864
200,0.885
200,0.8872
200,0.8906
200,0.8897
200,0.8931
200,0.8965
200,0.898
200,0.9048
200,0.9039
200,0.9012
200,0.9022
200,0.9084
200,0.9089
200,0.9102
200,0.9128
200,0.9133
200,0.916
200,0.9171
200,0.9212
200,0.9168
200,0.9175
200,0.9171
200,0.9199
200,0.9221
200,0.9221
200,0.9194
200,0.921
200,0.9189
200,0.922
200,0.9244
200,0.9236
200,0.924
200,0.9239
200,0.9256
200,0.9285
200,0.9282
200,0.9273

240,0.7497
240,0.7968
240,0.8229
240,0.8285
240,0.8484
240,0.8587
240,0.8672
240,0.8747
240,0.878
240,0.8882
240,0.8868
240,0.8866
240,0.8916
240,0.8921
240,0.8949
240,0.8974
240,0.8994
240,0.9009
240,0.9041
240,0.9053
240,0.9082
240,0.9039
240,0.9057
240,0.9122
240,0.9126
240,0.9143
240,0.9116
240,0.9115
240,0.9132
240,0.9164
240,0.9176
240,0.9173
240,0.9176
240,0.9194
240,0.9202
240,0.9207
240,0.9193
240,0.9197
240,0.9223
240,0.9188
240,0.9193
240,0.9175
240,0.923
240,0.9234
240,0.9238
240,0.924
240,0.9214
240,0.9252
240,0.9248
240,0.9233

250,0.743
250,0.7927
250,0.8181
250,0.8294
250,0.8438
250,0.8543
250,0.8646
250,0.8678
250,0.8718
250,0.8768
250,0.8827
250,0.8819
250,0.8881
250,0.8916
250,0.8951
250,0.8949
250,0.8977
250,0.9007
250,0.9003
250,0.9019
250,0.9016
250,0.907
250,0.9053
250,0.9065
250,0.9039
250,0.9059
250,0.9077
250,0.9099
250,0.9079
250,0.9112
250,0.9129
250,0.9139
250,0.9137
250,0.9128
250,0.9136
250,0.9161
250,0.9157
250,0.9186
250,0.9185
250,0.9168
250,0.9175
250,0.9203
250,0.9218
250,0.9185
250,0.9216
250,0.9233
250,0.925
250,0.9267
250,0.9257
250,0.9265

300,0.7511
300,0.7914
300,0.8143
300,0.8351
300,0.8458
300,0.8581
300,0.8655
300,0.873
300,0.8762
300,0.8794
300,0.8876
300,0.8826
300,0.8934
300,0.8923
300,0.8875
300,0.8967
300,0.8954
300,0.8989
300,0.8994
300,0.9018
300,0.8992
300,0.904
300,0.9017
300,0.9064
300,0.9062
300,0.9112
300,0.9116
300,0.9114
300,0.9113
300,0.9122
300,0.9132
300,0.9154
300,0.914
300,0.9134
300,0.9192
300,0.9142
300,0.92
300,0.9188
300,0.9196
300,0.9236
300,0.9207
300,0.9241
300,0.9241
300,0.9244
300,0.9225
300,0.924
300,0.9222
300,0.9234
300,0.9242
300,0.9246

375,0.7461
375,0.8
375,0.8196
375,0.8423
375,0.8495
375,0.8564
375,0.8628
375,0.8658
375,0.8716
375,0.8788
375,0.8844
375,0.8846
375,0.8869
375,0.8882
375,0.8954
375,0.8938
375,0.896
375,0.894
375,0.8952
375,0.8995
375,0.901
375,0.9043
375,0.9055
375,0.9053
375,0.9074
375,0.9113
375,0.9099
375,0.9148
375,0.9124
375,0.9137
375,0.9144
375,0.9162
375,0.9181
375,0.9182
375,0.9217
375,0.9207
375,0.918
375,0.9222
375,0.9229
375,0.9234
375,0.9234
375,0.925
375,0.9245
375,0.9252
375,0.9228
375,0.9258
375,0.9274
375,0.9275
375,0.9289
375,0.9265

400,0.7356
400,0.7897
400,0.8125
400,0.8245
400,0.8375
400,0.8478
400,0.8599
400,0.8648
400,0.8669
400,0.876
400,0.8828
400,0.8867
400,0.888
400,0.8894
400,0.8925
400,0.8927
400,0.8961
400,0.8995
400,0.9034
400,0.9013
400,0.9032
400,0.9033
400,0.9127
400,0.9105
400,0.911
400,0.915
400,0.9142
400,0.9157
400,0.9134
400,0.917
400,0.9153
400,0.9207
400,0.9191
400,0.9202
400,0.9246
400,0.9212
400,0.9171
400,0.921
400,0.9212
400,0.9214
400,0.9241
400,0.9221
400,0.9271
400,0.9251
400,0.9272
400,0.9263
400,0.9279
400,0.9272
400,0.9239
400,0.9255

480,0.7419
480,0.7932
480,0.816
480,0.827
480,0.8457
480,0.8428
480,0.8556
480,0.8657
480,0.8703
480,0.8762
480,0.8782
480,0.8819
480,0.8844
480,0.8906
480,0.8901
480,0.8952
480,0.8964
480,0.8945
480,0.9026
480,0.9034
480,0.9063
480,0.907
480,0.9118
480,0.9121
480,0.9142
480,0.9161
480,0.9155
480,0.9163
480,0.9166
480,0.9168
480,0.9163
480,0.919
480,0.9194
480,0.9184
480,0.918
480,0.9188
480,0.9219
480,0.9219
480,0.9241
480,0.9251
480,0.9256
480,0.9266
480,0.928
480,0.9282
480,0.9275
480,0.9295
480,0.931
480,0.9314
480,0.9285
480,0.9287

500,0.757
500,0.7869
500,0.8187
500,0.8342
500,0.8498
500,0.8579
500,0.8653
500,0.8677
500,0.8697
500,0.8794
500,0.8813
500,0.8841
500,0.8898
500,0.8913
500,0.8894
500,0.8923
500,0.8964
500,0.9013
500,0.8998
500,0.8998
500,0.902
500,0.9055
500,0.9077
500,0.9062
500,0.911
500,0.9084
500,0.909
500,0.914
500,0.9116
500,0.9126
500,0.914
500,0.9148
500,0.9138
500,0.9151
500,0.9154
500,0.9178
500,0.9184
500,0.9197
500,0.9207
500,0.9235
500,0.9219
500,0.9215
500,0.9235
500,0.9225
500,0.925
500,0.9241
500,0.9216
500,0.9273
500,0.9302
500,0.9299

600,0.7516
600,0.7914
600,0.8152
600,0.8385
600,0.8381
600,0.8525
600,0.8623
600,0.8602
600,0.8733
600,0.8783
600,0.882
600,0.8839
600,0.8873
600,0.8923
600,0.8953
600,0.8979
600,0.904
600,0.9013
600,0.9032
600,0.9001
600,0.9057
600,0.9065
600,0.9063
600,0.9112
600,0.9091
600,0.9113
600,0.9108
600,0.9128
600,0.9143
600,0.9151
600,0.9175
600,0.9235
600,0.9212
600,0.9224
600,0.9214
600,0.9217
600,0.9246
600,0.9245
600,0.926
600,0.9242
600,0.9251
600,0.9222
600,0.9237
600,0.9224
600,0.9236
600,0.9207
600,0.9257
600,0.9265
600,0.9272
600,0.9261

625,0.7515
625,0.7883
625,0.814
625,0.8345
625,0.8419
625,0.8542
625,0.86
625,0.8707
625,0.8743
625,0.875
625,0.8736
625,0.8808
625,0.8843
625,0.8898
625,0.8951
625,0.8975
625,0.8994
625,0.9034
625,0.9013
625,0.9079
625,0.9062
625,0.9006
625,0.9058
625,0.9059
625,0.9057
625,0.9092
625,0.9106
625,0.9102
625,0.9095
625,0.9097
625,0.9124
625,0.9131
625,0.9115
625,0.9122
625,0.9155
625,0.9128
625,0.9148
625,0.9182
625,0.9185
625,0.9196
625,0.916
625,0.9197
625,0.9185
625,0.9192
625,0.9229
625,0.9244
625,0.9265
625,0.9271
625,0.9225
625,0.923

750,0.7446
750,0.7955
750,0.8237
750,0.8348
750,0.8465
750,0.86
750,0.8633
750,0.8696
750,0.8726
750,0.8738
750,0.8858
750,0.8845
750,0.8835
750,0.8918
750,0.8971
750,0.895
750,0.8975
750,0.8998
750,0.8981
750,0.9026
750,0.9064
750,0.9076
750,0.911
750,0.912
750,0.9132
750,0.9123
750,0.9115
750,0.9145
750,0.9171
750,0.9202
750,0.9191
750,0.9181
750,0.9218
750,0.9198
750,0.9199
750,0.9227
750,0.9244
750,0.9256
750,0.9249
750,0.9223
750,0.9239
750,0.9241
750,0.9279
750,0.9283
750,0.928
750,0.9298
750,0.9279
750,0.9277
750,0.9283
750,0.9271

800,0.7455
800,0.7927
800,0.8133
800,0.8291
800,0.8359
800,0.851
800,0.8541
800,0.8638
800,0.8698
800,0.8778
800,0.8802
800,0.8853
800,0.8853
800,0.8885
800,0.8926
800,0.8969
800,0.8968
800,0.9005
800,0.9017
800,0.9097
800,0.9026
800,0.9063
800,0.9094
800,0.9101
800,0.9095
800,0.9121
800,0.9117
800,0.9105
800,0.9126
800,0.9124
800,0.9149
800,0.9175
800,0.9197
800,0.914
800,0.9214
800,0.919
800,0.9197
800,0.9202
800,0.9237
800,0.9221
800,0.9237
800,0.9257
800,0.9279
800,0.9238
800,0.9252
800,0.9237
800,0.9255
800,0.9259
800,0.9291
800,0.9295

1000,0.7273
1000,0.7932
1000,0.8131
1000,0.8293
1000,0.8377
1000,0.8506
1000,0.8562
1000,0.8624
1000,0.8696
1000,0.8765
1000,0.8788
1000,0.8889
1000,0.8881
1000,0.889
1000,0.8906
1000,0.8917
1000,0.8934
1000,0.893
1000,0.8982
1000,0.9031
1000,0.9032
1000,0.9049
1000,0.9087
1000,0.9086
1000,0.9074
1000,0.9099
1000,0.9124
1000,0.9094
1000,0.914
1000,0.9125
1000,0.9151
1000,0.9134
1000,0.9151
1000,0.9137
1000,0.9156
1000,0.9148
1000,0.916
1000,0.9204
1000,0.9168
1000,0.9198
1000,0.9213
1000,0.9186
1000,0.9223
1000,0.9212
1000,0.922
1000,0.9224
1000,0.9222
1000,0.9252
1000,0.9244
1000,0.9246

1200,0.7506
1200,0.7992
1200,0.821
1200,0.8331
1200,0.8528
1200,0.8575
1200,0.8611
1200,0.8685
1200,0.8717
1200,0.8761
1200,0.8823
1200,0.8826
1200,0.8886
1200,0.8881
1200,0.8924
1200,0.8929
1200,0.8957
1200,0.8966
1200,0.9015
1200,0.9002
1200,0.9061
1200,0.9044
1200,0.9026
1200,0.908
1200,0.9092
1200,0.9109
1200,0.9144
1200,0.9133
1200,0.913
1200,0.9125
1200,0.9145
1200,0.9171
1200,0.9167
1200,0.9159
1200,0.9157
1200,0.9173
1200,0.9204
1200,0.919
1200,0.9205
1200,0.9189
1200,0.9169
1200,0.9179
1200,0.9196
1200,0.9196
1200,0.9232
1200,0.9209
1200,0.9236
1200,0.9234
1200,0.9258
1200,0.9225

1250,0.7377
1250,0.8066
1250,0.823
1250,0.8445
1250,0.8563
1250,0.862
1250,0.8628
1250,0.8728
1250,0.8776
1250,0.8793
1250,0.8837
1250,0.8837
1250,0.8917
1250,0.8936
1250,0.8954
1250,0.8955
1250,0.9011
1250,0.9015
1250,0.9036
1250,0.907
1250,0.9089
1250,0.9077
1250,0.9105
1250,0.9136
1250,0.9129
1250,0.9133
1250,0.9146
1250,0.9132
1250,0.9158
1250,0.9161
1250,0.9162
1250,0.9182
1250,0.9174
1250,0.9205
1250,0.9206
1250,0.9224
1250,0.9214
1250,0.9212
1250,0.9208
1250,0.9213
1250,0.9214
1250,0.9232
1250,0.925
1250,0.9247
1250,0.9207
1250,0.9271
1250,0.9295
1250,0.9293
1250,0.9298
1250,0.9285

1500,0.7299
1500,0.7983
1500,0.8244
1500,0.8429
1500,0.8537
1500,0.8597
1500,0.8688
1500,0.8743
1500,0.8744
1500,0.8809
1500,0.8851
1500,0.8908
1500,0.8895
1500,0.8942
1500,0.8971
1500,0.8923
1500,0.897
1500,0.8939
1500,0.8982
1500,0.9005
1500,0.9022
1500,0.9023
1500,0.9092
1500,0.9087
1500,0.9086
1500,0.9106
1500,0.9081
1500,0.9118
1500,0.9138
1500,0.9152
1500,0.916
1500,0.9163
1500,0.9194
1500,0.9191
1500,0.9172
1500,0.9206
1500,0.9213
1500,0.9226
1500,0.9224
1500,0.9212
1500,0.9242
1500,0.9243
1500,0.9234
1500,0.9245
1500,0.9258
1500,0.9232
1500,0.9278
1500,0.929
1500,0.9282
1500,0.9281

1875,0.7166
1875,0.7977
1875,0.8194
1875,0.8341
1875,0.8438
1875,0.8509
1875,0.8592
1875,0.8605
1875,0.8724
1875,0.8743
1875,0.8779
1875,0.8806
1875,0.8844
1875,0.889
1875,0.892
1875,0.8909
1875,0.8964
1875,0.899
1875,0.9032
1875,0.9046
1875,0.9018
1875,0.9065
1875,0.9058
1875,0.9085
1875,0.9064
1875,0.9064
1875,0.907
1875,0.9095
1875,0.9092
1875,0.9102
1875,0.9144
1875,0.9111
1875,0.9158
1875,0.9169
1875,0.921
1875,0.9224
1875,0.9207
1875,0.9206
1875,0.9215
1875,0.9187
1875,0.9222
1875,0.9218
1875,0.9214
1875,0.9206
1875,0.9221
1875,0.9258
1875,0.9252
1875,0.9234
1875,0.9232
1875,0.9232

2000,0.7284
2000,0.792
2000,0.8096
2000,0.8402
2000,0.8571
2000,0.86
2000,0.863
2000,0.8668
2000,0.8698
2000,0.878
2000,0.8839
2000,0.8873
2000,0.8881
2000,0.8924
2000,0.8915
2000,0.8909
2000,0.8941
2000,0.8999
2000,0.9006
2000,0.8994
2000,0.9006
2000,0.9041
2000,0.9084
2000,0.9098
2000,0.9073
2000,0.9094
2000,0.9069
2000,0.9099
2000,0.913
2000,0.9121
2000,0.9127
2000,0.9182
2000,0.9142
2000,0.915
2000,0.9157
2000,0.9194
2000,0.9198
2000,0.9186
2000,0.9195
2000,0.9205
2000,0.9229
2000,0.9232
2000,0.9263
2000,0.9242
2000,0.9251
2000,0.9231
2000,0.9249
2000,0.9253
2000,0.9206
2000,0.9233

2400,0.727
2400,0.7904
2400,0.8198
2400,0.8348
2400,0.8461
2400,0.8609
2400,0.8623
2400,0.8732
2400,0.8797
2400,0.8839
2400,0.8888
2400,0.891
2400,0.8939
2400,0.8934
2400,0.8954
2400,0.8961
2400,0.8984
2400,0.8989
2400,0.898
2400,0.9024
2400,0.9037
2400,0.9031
2400,0.9049
2400,0.9046
2400,0.9097
2400,0.9086
2400,0.9068
2400,0.9145
2400,0.9103
2400,0.9114
2400,0.9085
2400,0.9115
2400,0.9128
2400,0.914
2400,0.9178
2400,0.9208
2400,0.9181
2400,0.9232
2400,0.9213
2400,0.9221
2400,0.9214
2400,0.923
2400,0.9252
2400,0.9233
2400,0.9248
2400,0.9254
2400,0.9238
2400,0.9251
2400,0.9267
2400,0.9275

2500,0.7151
2500,0.7908
2500,0.8156
2500,0.8338
2500,0.8446
2500,0.8502
2500,0.8615
2500,0.8688
2500,0.874
2500,0.881
2500,0.8791
2500,0.8887
2500,0.8889
2500,0.8931
2500,0.8977
2500,0.8972
2500,0.9023
2500,0.9043
2500,0.9063
2500,0.9081
2500,0.9088
2500,0.9065
2500,0.9108
2500,0.9111
2500,0.9118
2500,0.916
2500,0.9136
2500,0.9151
2500,0.9159
2500,0.9197
2500,0.92
2500,0.9202
2500,0.9165
2500,0.9172
2500,0.9208
2500,0.9227
2500,0.9212
2500,0.9246
2500,0.9216
2500,0.9228
2500,0.9218
2500,0.9223
2500,0.9217
2500,0.927
2500,0.9263
2500,0.9281
2500,0.9275
2500,0.9283
2500,0.9282
2500,0.9281

3000,0.6762
3000,0.7856
3000,0.8158
3000,0.8431
3000,0.8505
3000,0.8572
3000,0.8661
3000,0.8715
3000,0.8712
3000,0.871
3000,0.8788
3000,0.8798
3000,0.8878
3000,0.8877
3000,0.8907
3000,0.8904
3000,0.8952
3000,0.8973
3000,0.8996
3000,0.9025
3000,0.9028
3000,0.9074
3000,0.9086
3000,0.9083
3000,0.9074
3000,0.9096
3000,0.9105
3000,0.9131
3000,0.9147
3000,0.9161
3000,0.9142
3000,0.9157
3000,0.9168
3000,0.9142
3000,0.9176
3000,0.9175
3000,0.9145
3000,0.9186
3000,0.9189
3000,0.9188
3000,0.9183
3000,0.9204
3000,0.9213
3000,0.9243
3000,0.923
3000,0.9209
3000,0.9211
3000,0.9228
3000,0.9247
3000,0.9241

3750,0.6625
3750,0.7705
3750,0.8196
3750,0.8363
3750,0.8487
3750,0.8632
3750,0.8685
3750,0.8739
3750,0.8776
3750,0.881
3750,0.884
3750,0.8905
3750,0.8947
3750,0.895
3750,0.8974
3750,0.8992
3750,0.9011
3750,0.8993
3750,0.9021
3750,0.903
3750,0.9049
3750,0.907
3750,0.9091
3750,0.9108
3750,0.9111
3750,0.9155
3750,0.9124
3750,0.9151
3750,0.9151
3750,0.9199
3750,0.92
3750,0.9177
3750,0.9195
3750,0.9206
3750,0.9204
3750,0.9233
3750,0.9197
3750,0.9206
3750,0.9202
3750,0.922
3750,0.9257
3750,0.9225
3750,0.9254
3750,0.9251
3750,0.9254
3750,0.9272
3750,0.9274
3750,0.9254
3750,0.9273
3750,0.9268

4000,0.6476
4000,0.7588
4000,0.8115
4000,0.8375
4000,0.8505
4000,0.8608
4000,0.8652
4000,0.8714
4000,0.876
4000,0.8796
4000,0.8796
4000,0.8853
4000,0.8863
4000,0.8893
4000,0.8929
4000,0.898
4000,0.9005
4000,0.9012
4000,0.8995
4000,0.9031
4000,0.9053
4000,0.9044
4000,0.9071
4000,0.907
4000,0.9082
4000,0.9107
4000,0.91
4000,0.9101
4000,0.911
4000,0.9134
4000,0.916
4000,0.9144
4000,0.9198
4000,0.9198
4000,0.92
4000,0.9178
4000,0.9201
4000,0.9211
4000,0.9214
4000,0.9223
4000,0.9203
4000,0.9203
4000,0.9213
4000,0.9242
4000,0.9229
4000,0.9259
4000,0.9241
4000,0.922
4000,0.9239
4000,0.9225

5000,0.5907
5000,0.6031
5000,0.7512
5000,0.8007
5000,0.8283
5000,0.8409
5000,0.8558
5000,0.8661
5000,0.8705
5000,0.8757
5000,0.8799
5000,0.8845
5000,0.8863
5000,0.888
5000,0.8926
5000,0.8901
5000,0.8954
5000,0.8987
5000,0.8986
5000,0.9019
5000,0.9035
5000,0.9055
5000,0.9073
5000,0.9063
5000,0.9057
5000,0.909
5000,0.9087
5000,0.9118
5000,0.9146
5000,0.9154
5000,0.9151
5000,0.9142
5000,0.9133
5000,0.9158
5000,0.9154
5000,0.9176
5000,0.9164
5000,0.9192
5000,0.9197
5000,0.9207
5000,0.9207
5000,0.9201
5000,0.9188
5000,0.9231
5000,0.9207
5000,0.9221
5000,0.922
5000,0.9215
5000,0.9248
5000,0.9253

6000,0.6648
6000,0.7576
6000,0.7894
6000,0.8214
6000,0.8421
6000,0.851
6000,0.8634
6000,0.8658
6000,0.8741
6000,0.8787
6000,0.88
6000,0.885
6000,0.8884
6000,0.8883
6000,0.8899
6000,0.8934
6000,0.8944
6000,0.8978
6000,0.8992
6000,0.9005
6000,0.9055
6000,0.9034
6000,0.9041
6000,0.9069
6000,0.9084
6000,0.9087
6000,0.9104
6000,0.9153
6000,0.9143
6000,0.9144
6000,0.9135
6000,0.9156
6000,0.9166
6000,0.9175
6000,0.9194
6000,0.9212
6000,0.9232
6000,0.9224
6000,0.9242
6000,0.923
6000,0.9227
6000,0.9257
6000,0.9268
6000,0.9272
6000,0.9274
6000,0.9262
6000,0.9303
6000,0.9284
6000,0.929
6000,0.9322

7500,0.4881
7500,0.6648
7500,0.7368
7500,0.7971
7500,0.8261
7500,0.8488
7500,0.8647
7500,0.8782
7500,0.8788
7500,0.8851
7500,0.8852
7500,0.8855
7500,0.8892
7500,0.8924
7500,0.8925
7500,0.8975
7500,0.8976
7500,0.8991
7500,0.901
7500,0.9028
7500,0.906
7500,0.9062
7500,0.9099
7500,0.9121
7500,0.914
7500,0.9148
7500,0.9103
7500,0.9129
7500,0.9122
7500,0.9123
7500,0.9164
7500,0.9152
7500,0.9164
7500,0.9162
7500,0.9167
7500,0.9192
7500,0.9192
7500,0.9186
7500,0.9194
7500,0.9194
7500,0.9215
7500,0.9211
7500,0.9206
7500,0.9237
7500,0.9237
7500,0.9246
7500,0.9223
7500,0.9239
7500,0.925
7500,0.9229

10000,0.3715
10000,0.4475
10000,0.4931
10000,0.5923
10000,0.6625
10000,0.6849
10000,0.7138
10000,0.7307
10000,0.7432
10000,0.7531
10000,0.7543
10000,0.7609
10000,0.7673
10000,0.771
10000,0.7767
10000,0.7757
10000,0.7807
10000,0.7827
10000,0.7874
10000,0.7855
10000,0.7875
10000,0.7856
10000,0.789
10000,0.79
10000,0.7933
10000,0.7952
10000,0.7978
10000,0.7973
10000,0.8052
10000,0.8817
10000,0.9024
10000,0.9079
10000,0.9115
10000,0.9095
10000,0.9116
10000,0.9108
10000,0.9148
10000,0.914
10000,0.9183
10000,0.9162
10000,0.9189
10000,0.9182
10000,0.917
10000,0.9189
10000,0.9197
10000,0.9195
10000,0.9202
10000,0.9205
10000,0.9197
10000,0.9197

12000,0.4523
12000,0.5545
12000,0.6527
12000,0.7323
12000,0.7871
12000,0.8222
12000,0.8441
12000,0.8546
12000,0.8668
12000,0.8731
12000,0.8796
12000,0.8821
12000,0.8854
12000,0.8884
12000,0.891
12000,0.8907
12000,0.8966
12000,0.8987
12000,0.8993
12000,0.9035
12000,0.9038
12000,0.9055
12000,0.9094
12000,0.9096
12000,0.9097
12000,0.909
12000,0.9115
12000,0.9091
12000,0.9137
12000,0.9146
12000,0.9163
12000,0.9196
12000,0.9185
12000,0.9204
12000,0.9215
12000,0.9237
12000,0.923
12000,0.9253
12000,0.9244
12000,0.9249
12000,0.9239
12000,0.9249
12000,0.9248
12000,0.9262
12000,0.9268
12000,0.9267
12000,0.9288
12000,0.9303
12000,0.9282
12000,0.9299

15000,0.277
15000,0.3802
15000,0.4927
15000,0.551
15000,0.7273
15000,0.7581
15000,0.7858
15000,0.8043
15000,0.8253
15000,0.8365
15000,0.8457
15000,0.8569
15000,0.861
15000,0.8669
15000,0.8698
15000,0.8747
15000,0.8779
15000,0.8809
15000,0.8835
15000,0.8876
15000,0.8884
15000,0.8918
15000,0.8947
15000,0.8954
15000,0.9002
15000,0.9014
15000,0.9027
15000,0.9024
15000,0.9054
15000,0.9045
15000,0.9059
15000,0.906
15000,0.9075
15000,0.9093
15000,0.9109
15000,0.9106
15000,0.913
15000,0.9113
15000,0.9148
15000,0.9131
15000,0.9115
15000,0.9138
15000,0.9162
15000,0.9155
15000,0.9199
15000,0.9189
15000,0.9184
15000,0.9192
15000,0.9205
15000,0.9215

20000,0.1814
20000,0.2724
20000,0.2572
20000,0.2761
20000,0.3053
20000,0.3875
20000,0.4543
20000,0.4674
20000,0.4794
20000,0.5182
20000,0.5746
20000,0.5961
20000,0.594
20000,0.6219
20000,0.6238
20000,0.6187
20000,0.6445
20000,0.6487
20000,0.6558
20000,0.6651
20000,0.6709
20000,0.6735
20000,0.6825
20000,0.6883
20000,0.6901
20000,0.6932
20000,0.6945
20000,0.6939
20000,0.6954
20000,0.6953
20000,0.6953
20000,0.6994
20000,0.7004
20000,0.7031
20000,0.7068
20000,0.7085
20000,0.7094
20000,0.7104
20000,0.7109
20000,0.7109
20000,0.7128
20000,0.7163
20000,0.7172
20000,0.7165
20000,0.7197
20000,0.7196
20000,0.7208
20000,0.7202
20000,0.7204
20000,0.722

30000,0.262
30000,0.1378
30000,0.1759
30000,0.1685
30000,0.2813
30000,0.2401
30000,0.2847
30000,0.2691
30000,0.3244
30000,0.3511
30000,0.3148
30000,0.4269
30000,0.421
30000,0.4727
30000,0.5469
30000,0.5721
30000,0.5219
30000,0.5713
30000,0.5698
30000,0.5603
30000,0.6017
30000,0.5922
30000,0.5869
30000,0.6112
30000,0.5979
30000,0.6151
30000,0.6177
30000,0.6154
30000,0.622
30000,0.6257
30000,0.6249
30000,0.6286
30000,0.6305
30000,0.6302
30000,0.6193
30000,0.6184
30000,0.6233
30000,0.6231
30000,0.6258
30000,0.6237
30000,0.6294
30000,0.6313
30000,0.6325
30000,0.6335
30000,0.6358
30000,0.6356
30000,0.6371
30000,0.6368
30000,0.6384
30000,0.6386

60000,0.1069
60000,0.1351
60000,0.163
60000,0.1952
60000,0.1157
60000,0.1697
60000,0.1526
60000,0.1426
60000,0.1842
60000,0.147
60000,0.1385
60000,0.1771
60000,0.1974
60000,0.2135
60000,0.2517
60000,0.2612
60000,0.1067
60000,0.2024
60000,0.2299
60000,0.279
60000,0.281
60000,0.2611
60000,0.2477
60000,0.1913
60000,0.1955
60000,0.2386
60000,0.2246
60000,0.1804
60000,0.1804
60000,0.1911
60000,0.1947
60000,0.2061
60000,0.2073
60000,0.2079
60000,0.1998
60000,0.2085
60000,0.2327
60000,0.2269
60000,0.2374
60000,0.2492
60000,0.2499
60000,0.2516
60000,0.2544
60000,0.2575
60000,0.2719
60000,0.2761
60000,0.2753
60000,0.2831
60000,0.3024
60000,0.3459

