30,0.7251
30,0.7773
30,0.7762
30,0.7598
30,0.7723
30,0.7582
30,0.7716
30,0.7564
30,0.7645
30,0.752
30,0.7032
30,0.7214
30,0.7227
30,0.7304
30,0.7119
30,0.7145
30,0.7122
30,0.7008
30,0.7088
30,0.7118
30,0.7272
30,0.7318
30,0.7341
30,0.704
30,0.7089
30,0.718
30,0.7275
30,0.7147
30,0.7165
30,0.7223
30,0.7289
30,0.7176
30,0.7328
30,0.7384
30,0.7402
30,0.7452
30,0.7446
30,0.7485
30,0.7324
30,0.7455
30,0.7491
30,0.7532
30,0.7587
30,0.7543
30,0.7647
30,0.7481
30,0.7616
30,0.7666
30,0.7565
30,0.7664

32,0.7645
32,0.7624
32,0.7927
32,0.7862
32,0.7862
32,0.7742
32,0.7762
32,0.7917
32,0.793
32,0.7758
32,0.7857
32,0.7489
32,0.7547
32,0.7353
32,0.7443
32,0.732
32,0.7402
32,0.7322
32,0.7269
32,0.7427
32,0.7384
32,0.7415
32,0.7609
32,0.7548
32,0.7658
32,0.7611
32,0.771
32,0.7695
32,0.7686
32,0.7688
32,0.7749
32,0.7648
32,0.7765
32,0.7819
32,0.7828
32,0.785
32,0.7916
32,0.7837
32,0.7936
32,0.7882
32,0.7946
32,0.7953
32,0.7898
32,0.794
32,0.7985
32,0.7904
32,0.7923
32,0.7982
32,0.8021
32,0.8003

40,0.7223
40,0.7818
40,0.7881
40,0.7913
40,0.8084
40,0.7999
40,0.7761
40,0.7918
40,0.7757
40,0.7801
40,0.7767
40,0.753
40,0.759
40,0.7598
40,0.7462
40,0.7262
40,0.7397
40,0.7264
40,0.6945
40,0.7147
40,0.7262
40,0.7008
40,0.7193
40,0.7333
40,0.7461
40,0.7259
40,0.7366
40,0.7326
40,0.7383
40,0.7449
40,0.7539
40,0.751
40,0.7565
40,0.745
40,0.7542
40,0.7581
40,0.7593
40,0.7627
40,0.7598
40,0.751
40,0.7632
40,0.7512
40,0.7634
40,0.765
40,0.7683
40,0.7682
40,0.7695
40,0.7788
40,0.7692
40,0.7807

48,0.7162
48,0.7706
48,0.7871
48,0.7905
48,0.7981
48,0.8207
48,0.8166
48,0.8121
48,0.8083
48,0.8113
48,0.7993
48,0.7876
48,0.7982
48,0.7964
48,0.7977
48,0.7928
48,0.7677
48,0.7479
48,0.7222
48,0.7155
48,0.7437
48,0.7496
48,0.7477
48,0.7616
48,0.7609
48,0.7778
48,0.7788
48,0.7754
48,0.7617
48,0.7768
48,0.786
48,0.7842
48,0.7916
48,0.7775
48,0.7863
48,0.7961
48,0.7969
48,0.7953
48,0.7999
48,0.8008
48,0.7952
48,0.7982
48,0.7939
48,0.7951
48,0.8027
48,0.7949
48,0.7969
48,0.803
48,0.8059
48,0.8097

50,0.7198
50,0.7702
50,0.7978
50,0.8152
50,0.8048
50,0.8118
50,0.8114
50,0.8236
50,0.8045
50,0.8049
50,0.7821
50,0.7725
50,0.7747
50,0.7735
50,0.761
50,0.758
50,0.7403
50,0.7332
50,0.7603
50,0.7373
50,0.7379
50,0.7357
50,0.7089
50,0.7382
50,0.733
50,0.7108
50,0.7413
50,0.7348
50,0.7296
50,0.7458
50,0.7305
50,0.7473
50,0.7509
50,0.7561
50,0.7488
50,0.7564
50,0.7558
50,0.7527
50,0.7594
50,0.7642
50,0.7511
50,0.7571
50,0.7683
50,0.7632
50,0.776
50,0.7697
50,0.7693
50,0.7797
50,0.7718
50,0.7734

60,0.7189
60,0.7704
60,0.7861
60,0.8086
60,0.8229
60,0.8021
60,0.816
60,0.8096
60,0.7832
60,0.7829
60,0.7678
60,0.7835
60,0.7828
60,0.7666
60,0.7289
60,0.7296
60,0.7497
60,0.7565
60,0.7418
60,0.7358
60,0.7348
60,0.7207
60,0.7332
60,0.7309
60,0.7399
60,0.7382
60,0.7422
60,0.7431
60,0.7467
60,0.7477
60,0.7346
60,0.746
60,0.7444
60,0.7661
60,0.7529
60,0.7543
60,0.7639
60,0.7533
60,0.7618
60,0.7583
60,0.7765
60,0.7669
60,0.772
60,0.7615
60,0.7669
60,0.774
60,0.7718
60,0.7823
60,0.7875
60,0.7683

75,0.7452
75,0.7629
75,0.7997
75,0.8048
75,0.8151
75,0.8076
75,0.7963
75,0.8105
75,0.8172
75,0.791
75,0.7893
75,0.7981
75,0.7724
75,0.7868
75,0.7627
75,0.7587
75,0.781
75,0.7785
75,0.7565
75,0.756
75,0.7607
75,0.754
75,0.7485
75,0.7361
75,0.7602
75,0.7559
75,0.7475
75,0.7507
75,0.751
75,0.7599
75,0.7612
75,0.7664
75,0.7638
75,0.7739
75,0.7654
75,0.7692
75,0.7711
75,0.777
75,0.7852
75,0.7749
75,0.7745
75,0.7805
75,0.7747
75,0.7848
75,0.779
75,0.7778
75,0.7846
75,0.7945
75,0.7908
75,0.7831

80,0.7012
80,0.7736
80,0.7959
80,0.8057
80,0.8089
80,0.811
80,0.8041
80,0.8123
80,0.8172
80,0.8204
80,0.8154
80,0.8068
80,0.8001
80,0.7985
80,0.7735
80,0.7777
80,0.7712
80,0.7632
80,0.7435
80,0.7539
80,0.7501
80,0.7469
80,0.7396
80,0.7186
80,0.7027
80,0.7225
80,0.7193
80,0.7198
80,0.7451
80,0.7312
80,0.7324
80,0.7317
80,0.7356
80,0.7318
80,0.7283
80,0.724
80,0.7361
80,0.737
80,0.7497
80,0.746
80,0.7401
80,0.7499
80,0.7478
80,0.7544
80,0.7563
80,0.7537
80,0.7516
80,0.7585
80,0.7573
80,0.7554

96,0.7376
96,0.7685
96,0.7967
96,0.8036
96,0.8093
96,0.8007
96,0.8109
96,0.8122
96,0.801
96,0.81
96,0.8107
96,0.7914
96,0.8111
96,0.8038
96,0.7832
96,0.7918
96,0.773
96,0.7534
96,0.7347
96,0.7479
96,0.7468
96,0.763
96,0.7304
96,0.7341
96,0.752
96,0.7464
96,0.7445
96,0.751
96,0.7488
96,0.7377
96,0.7564
96,0.7449
96,0.7454
96,0.7482
96,0.7497
96,0.7492
96,0.7589
96,0.7489
96,0.7596
96,0.7698
96,0.7523
96,0.7692
96,0.77
96,0.762
96,0.7543
96,0.7506
96,0.7687
96,0.7665
96,0.7632
96,0.7724

100,0.7366
100,0.7736
100,0.7867
100,0.8103
100,0.8148
100,0.8079
100,0.807
100,0.8014
100,0.8144
100,0.7993
100,0.8019
100,0.8203
100,0.7965
100,0.7994
100,0.7987
100,0.7858
100,0.7478
100,0.7478
100,0.7568
100,0.7754
100,0.7554
100,0.7605
100,0.7476
100,0.7322
100,0.7527
100,0.752
100,0.7457
100,0.7502
100,0.7563
100,0.7561
100,0.7554
100,0.7551
100,0.7622
100,0.769
100,0.7616
100,0.7603
100,0.772
100,0.7745
100,0.7624
100,0.7744
100,0.7824
100,0.776
100,0.7772
100,0.7814
100,0.7841
100,0.7837
100,0.7887
100,0.7885
100,0.7769
100,0.7907

120,0.6973
120,0.7815
120,0.7872
120,0.7988
120,0.7919
120,0.8058
120,0.821
120,0.8316
120,0.8234
120,0.822
120,0.829
120,0.824
120,0.8154
120,0.8212
120,0.811
120,0.8032
120,0.8014
120,0.8
120,0.7948
120,0.8099
120,0.8051
120,0.7964
120,0.7734
120,0.7827
120,0.7872
120,0.7793
120,0.7918
120,0.7987
120,0.7922
120,0.7945
120,0.8047
120,0.7872
120,0.8003
120,0.7953
120,0.7992
120,0.8055
120,0.8056
120,0.8026
120,0.8164
120,0.8147
120,0.8101
120,0.8183
120,0.8214
120,0.8186
120,0.8176
120,0.8228
120,0.8192
120,0.8226
120,0.8254
120,0.8181

125,0.7176
125,0.7689
125,0.7969
125,0.787
125,0.8034
125,0.812
125,0.8097
125,0.8207
125,0.8169
125,0.8244
125,0.815
125,0.8171
125,0.816
125,0.8123
125,0.8076
125,0.7987
125,0.7936
125,0.7756
125,0.7639
125,0.7928
125,0.7964
125,0.7656
125,0.7801
125,0.7541
125,0.7877
125,0.7653
125,0.7767
125,0.7609
125,0.7649
125,0.7626
125,0.7642
125,0.7578
125,0.7699
125,0.7743
125,0.7711
125,0.7759
125,0.7788
125,0.7856
125,0.7818
125,0.7844
125,0.7848
125,0.793
125,0.7828
125,0.791
125,0.797
125,0.7842
125,0.79
125,0.7971
125,0.7997
125,0.7919

150,0.7245
150,0.7792
150,0.7768
150,0.8112
150,0.8131
150,0.8002
150,0.8098
150,0.8162
150,0.8068
150,0.7984
150,0.8075
150,0.8006
150,0.8028
150,0.7945
150,0.8121
150,0.8077
150,0.7783
150,0.7688
150,0.7912
150,0.775
150,0.7665
150,0.762
150,0.7574
150,0.7591
150,0.7587
150,0.7703
150,0.7529
150,0.7503
150,0.7318
150,0.7534
150,0.7587
150,0.771
150,0.7695
150,0.7751
150,0.7684
150,0.7787
150,0.7865
150,0.7763
150,0.7858
150,0.7872
150,0.7832
150,0.7829
150,0.7809
150,0.7842
150,0.7787
150,0.7895
150,0.7917
150,0.7843
150,0.7868
150,0.7868

160,0.7378
160,0.7789
160,0.7914
160,0.8081
160,0.8005
160,0.8079
160,0.8149
160,0.8073
160,0.8203
160,0.8132
160,0.818
160,0.8253
160,0.8032
160,0.8233
160,0.8051
160,0.8082
160,0.8072
160,0.7993
160,0.7781
160,0.7997
160,0.7875
160,0.7732
160,0.7705
160,0.7939
160,0.7804
160,0.7878
160,0.7889
160,0.7892
160,0.7769
160,0.78
160,0.7788
160,0.7745
160,0.7847
160,0.7722
160,0.7774
160,0.7807
160,0.7847
160,0.7882
160,0.7908
160,0.7856
160,0.792
160,0.809
160,0.7913
160,0.7882
160,0.7921
160,0.7952
160,0.7957
160,0.7973
160,0.8042
160,0.8025

200,0.737
200,0.7783
200,0.7862
200,0.8046
200,0.8162
200,0.8232
200,0.8287
200,0.8203
200,0.821
200,0.8096
200,0.8248
200,0.8414
200,0.8219
200,0.8148
200,0.8072
200,0.812
200,0.8062
200,0.8017
200,0.797
200,0.7804
200,0.7909
200,0.7777
200,0.7827
200,0.7773
200,0.7869
200,0.7742
200,0.7666
200,0.7654
200,0.7731
200,0.773
200,0.7613
200,0.7643
200,0.7732
200,0.7761
200,0.7738
200,0.7657
200,0.7579
200,0.7795
200,0.7716
200,0.7796
200,0.7869
200,0.7928
200,0.7778
200,0.7781
200,0.7933
200,0.7915
200,0.7924
200,0.7933
200,0.7975
200,0.8021

240,0.7265
240,0.7699
240,0.7896
240,0.782
240,0.7924
240,0.8023
240,0.8045
240,0.812
240,0.8173
240,0.8209
240,0.8179
240,0.8229
240,0.8112
240,0.8116
240,0.8132
240,0.8136
240,0.8246
240,0.8189
240,0.8105
240,0.8115
240,0.813
240,0.8034
240,0.8048
240,0.7998
240,0.7947
240,0.7884
240,0.778
240,0.7733
240,0.7659
240,0.7709
240,0.7689
240,0.78
240,0.7877
240,0.7842
240,0.7831
240,0.7919
240,0.787
240,0.7907
240,0.7888
240,0.789
240,0.7876
240,0.802
240,0.7875
240,0.7993
240,0.7925
240,0.7966
240,0.8001
240,0.8008
240,0.801
240,0.7974

250,0.7514
250,0.7968
250,0.7991
250,0.8056
250,0.8121
250,0.8155
250,0.8248
250,0.8239
250,0.8287
250,0.83
250,0.8159
250,0.8205
250,0.8265
250,0.8202
250,0.8187
250,0.8148
250,0.8192
250,0.8166
250,0.8035
250,0.8058
250,0.8123
250,0.7982
250,0.8027
250,0.7825
250,0.7847
250,0.7893
250,0.7945
250,0.779
250,0.7667
250,0.7676
250,0.7676
250,0.7692
250,0.7803
250,0.775
250,0.7704
250,0.7831
250,0.7565
250,0.7682
250,0.7722
250,0.7687
250,0.7819
250,0.7832
250,0.7767
250,0.7824
250,0.7842
250,0.7848
250,0.7813
250,0.7884
250,0.7924
250,0.7891

300,0.7316
300,0.7752
300,0.7882
300,0.799
300,0.81
300,0.8204
300,0.8275
300,0.8297
300,0.8247
300,0.8252
300,0.8277
300,0.8296
300,0.8248
300,0.8214
300,0.8205
300,0.8179
300,0.8174
300,0.8202
300,0.8112
300,0.8109
300,0.8066
300,0.7983
300,0.7958
300,0.7968
300,0.7911
300,0.7761
300,0.7771
300,0.804
300,0.7859
300,0.7849
300,0.7713
300,0.7748
300,0.7915
300,0.7769
300,0.7796
300,0.7711
300,0.7748
300,0.782
300,0.7725
300,0.7716
300,0.7854
300,0.7702
300,0.7763
300,0.7739
300,0.7754
300,0.7839
300,0.788
300,0.7761
300,0.7766
300,0.7755

375,0.7424
375,0.784
375,0.7856
375,0.8195
375,0.8256
375,0.8215
375,0.8135
375,0.8222
375,0.8363
375,0.8321
375,0.8286
375,0.8283
375,0.8268
375,0.824
375,0.8247
375,0.8256
375,0.8265
375,0.821
375,0.8294
375,0.816
375,0.8153
375,0.8097
375,0.817
375,0.807
375,0.8045
375,0.8017
375,0.7887
375,0.7931
375,0.7904
375,0.7911
375,0.7861
375,0.7844
375,0.7735
375,0.7698
375,0.7518
375,0.7649
375,0.7735
375,0.7641
375,0.7753
375,0.7675
375,0.7633
375,0.757
375,0.7683
375,0.7664
375,0.7741
375,0.7739
375,0.7692
375,0.779
375,0.779
375,0.7787

400,0.7407
400,0.7626
400,0.7943
400,0.7963
400,0.8054
400,0.815
400,0.8204
400,0.8238
400,0.8213
400,0.8234
400,0.8238
400,0.813
400,0.828
400,0.8338
400,0.8278
400,0.8362
400,0.8284
400,0.83
400,0.8347
400,0.824
400,0.8259
400,0.8249
400,0.8226
400,0.829
400,0.8108
400,0.8063
400,0.8253
400,0.8236
400,0.8161
400,0.8095
400,0.8192
400,0.8067
400,0.8027
400,0.8044
400,0.7976
400,0.7948
400,0.8025
400,0.7958
400,0.7971
400,0.8081
400,0.801
400,0.8034
400,0.8164
400,0.8126
400,0.8081
400,0.8074
400,0.8086
400,0.8061
400,0.8074
400,0.8111

480,0.7054
480,0.789
480,0.8074
480,0.8011
480,0.8179
480,0.8107
480,0.8215
480,0.8383
480,0.8238
480,0.827
480,0.8239
480,0.8345
480,0.8363
480,0.8302
480,0.8237
480,0.8228
480,0.8214
480,0.8242
480,0.8181
480,0.8123
480,0.8202
480,0.8121
480,0.8246
480,0.8078
480,0.8225
480,0.8143
480,0.8043
480,0.7969
480,0.8138
480,0.8044
480,0.8076
480,0.8061
480,0.8042
480,0.7984
480,0.8042
480,0.8033
480,0.8085
480,0.8029
480,0.8014
480,0.8081
480,0.8142
480,0.8038
480,0.8082
480,0.8043
480,0.8069
480,0.8119
480,0.8117
480,0.8027
480,0.8044
480,0.8145

500,0.7153
500,0.7829
500,0.7999
500,0.8174
500,0.8098
500,0.8101
500,0.8104
500,0.8232
500,0.8217
500,0.8273
500,0.8206
500,0.8326
500,0.8234
500,0.8239
500,0.8227
500,0.8096
500,0.8237
500,0.8239
500,0.8187
500,0.8286
500,0.8274
500,0.8299
500,0.8123
500,0.8096
500,0.8086
500,0.8046
500,0.7951
500,0.8064
500,0.8026
500,0.7985
500,0.8016
500,0.8049
500,0.8002
500,0.8052
500,0.7994
500,0.8012
500,0.7885
500,0.7892
500,0.7794
500,0.7922
500,0.7843
500,0.7823
500,0.7838
500,0.7757
500,0.7769
500,0.7802
500,0.7621
500,0.7781
500,0.7886
500,0.7904

600,0.7569
600,0.7708
600,0.7958
600,0.806
600,0.8104
600,0.8207
600,0.8194
600,0.8232
600,0.8241
600,0.8153
600,0.8227
600,0.8313
600,0.8223
600,0.8207
600,0.8264
600,0.814
600,0.8245
600,0.8275
600,0.8234
600,0.8267
600,0.8173
600,0.819
600,0.8111
600,0.8144
600,0.8174
600,0.8052
600,0.8156
600,0.8044
600,0.8098
600,0.8054
600,0.8015
600,0.8132
600,0.7865
600,0.7801
600,0.7917
600,0.7979
600,0.7823
600,0.7915
600,0.7807
600,0.7782
600,0.7853
600,0.7693
600,0.7835
600,0.7877
600,0.7845
600,0.79
600,0.787
600,0.7799
600,0.7857
600,0.7749

625,0.727
625,0.7807
625,0.8033
625,0.8037
625,0.812
625,0.8303
625,0.827
625,0.8189
625,0.8319
625,0.8291
625,0.8211
625,0.8322
625,0.8284
625,0.8404
625,0.8366
625,0.8279
625,0.8273
625,0.8379
625,0.8306
625,0.8183
625,0.8251
625,0.8196
625,0.8184
625,0.8315
625,0.8374
625,0.8331
625,0.8178
625,0.8281
625,0.8113
625,0.808
625,0.8203
625,0.8121
625,0.8046
625,0.8174
625,0.812
625,0.8096
625,0.8066
625,0.8124
625,0.8104
625,0.805
625,0.8247
625,0.823
625,0.8242
625,0.824
625,0.8196
625,0.8203
625,0.8199
625,0.8132
625,0.816
625,0.8158

750,0.7618
750,0.7977
750,0.8135
750,0.823
750,0.8218
750,0.8203
750,0.8268
750,0.8311
750,0.8423
750,0.843
750,0.8422
750,0.8358
750,0.8378
750,0.8288
750,0.8253
750,0.8367
750,0.8407
750,0.8363
750,0.8333
750,0.8397
750,0.8219
750,0.837
750,0.8212
750,0.8297
750,0.8224
750,0.8307
750,0.8252
750,0.8189
750,0.8276
750,0.833
750,0.8275
750,0.8074
750,0.828
750,0.8216
750,0.8179
750,0.8195
750,0.8235
750,0.8255
750,0.8106
750,0.8065
750,0.8058
750,0.8189
750,0.8025
750,0.8179
750,0.8026
750,0.7915
750,0.8035
750,0.8061
750,0.7837
750,0.7981

800,0.7273
800,0.7794
800,0.7965
800,0.8053
800,0.8193
800,0.813
800,0.8203
800,0.828
800,0.8138
800,0.8359
800,0.8206
800,0.8333
800,0.8285
800,0.8273
800,0.824
800,0.8291
800,0.8356
800,0.8286
800,0.8259
800,0.8302
800,0.8207
800,0.8262
800,0.8194
800,0.8211
800,0.8219
800,0.8039
800,0.813
800,0.8085
800,0.7957
800,0.8083
800,0.8065
800,0.8087
800,0.8022
800,0.8074
800,0.8059
800,0.7997
800,0.778
800,0.7781
800,0.7715
800,0.7906
800,0.7669
800,0.7507
800,0.7683
800,0.7665
800,0.7663
800,0.76
800,0.7594
800,0.7617
800,0.7561
800,0.7406

1000,0.7388
1000,0.7727
1000,0.7849
1000,0.8121
1000,0.8105
1000,0.8084
1000,0.8236
1000,0.8175
1000,0.8244
1000,0.8361
1000,0.8425
1000,0.8268
1000,0.8398
1000,0.8285
1000,0.8237
1000,0.8219
1000,0.8342
1000,0.8374
1000,0.8327
1000,0.8348
1000,0.8284
1000,0.8367
1000,0.8306
1000,0.8165
1000,0.8278
1000,0.8297
1000,0.8196
1000,0.8242
1000,0.8109
1000,0.8213
1000,0.8057
1000,0.809
1000,0.7988
1000,0.7915
1000,0.8016
1000,0.8032
1000,0.7711
1000,0.8067
1000,0.7934
1000,0.7967
1000,0.7834
1000,0.7837
1000,0.7699
1000,0.781
1000,0.7941
1000,0.7741
1000,0.7737
1000,0.784
1000,0.781
1000,0.7631

1200,0.7458
1200,0.789
1200,0.7949
1200,0.8099
1200,0.8111
1200,0.8089
1200,0.8298
1200,0.8195
1200,0.8411
1200,0.8306
1200,0.8341
1200,0.8444
1200,0.846
1200,0.833
1200,0.8418
1200,0.8318
1200,0.8284
1200,0.8183
1200,0.8309
1200,0.8329
1200,0.8326
1200,0.8275
1200,0.8319
1200,0.8272
1200,0.8352
1200,0.8235
1200,0.8319
1200,0.8291
1200,0.8281
1200,0.8313
1200,0.8361
1200,0.8326
1200,0.8199
1200,0.8124
1200,0.8198
1200,0.8095
1200,0.7886
1200,0.778
1200,0.7901
1200,0.7999
1200,0.7832
1200,0.786
1200,0.7801
1200,0.7752
1200,0.7969
1200,0.81
1200,0.7907
1200,0.7806
1200,0.7862
1200,0.7783

1250,0.7034
1250,0.7827
1250,0.8062
1250,0.8143
1250,0.8173
1250,0.8283
1250,0.8292
1250,0.8412
1250,0.848
1250,0.8466
1250,0.8514
1250,0.8331
1250,0.8345
1250,0.8475
1250,0.8364
1250,0.8441
1250,0.8471
1250,0.8424
1250,0.8341
1250,0.8292
1250,0.8427
1250,0.8484
1250,0.8461
1250,0.8479
1250,0.8408
1250,0.8402
1250,0.8386
1250,0.8424
1250,0.8272
1250,0.8448
1250,0.8382
1250,0.833
1250,0.832
1250,0.8334
1250,0.832
1250,0.8391
1250,0.8258
1250,0.8111
1250,0.8321
1250,0.8288
1250,0.8251
1250,0.8146
1250,0.8121
1250,0.8142
1250,0.8183
1250,0.8182
1250,0.8069
1250,0.8038
1250,0.7991
1250,0.8069

1500,0.6722
1500,0.7742
1500,0.7927
1500,0.8176
1500,0.8195
1500,0.8196
1500,0.8323
1500,0.8427
1500,0.8434
1500,0.8395
1500,0.8394
1500,0.8477
1500,0.839
1500,0.8422
1500,0.8392
1500,0.846
1500,0.8444
1500,0.8411
1500,0.8335
1500,0.8361
1500,0.8355
1500,0.8442
1500,0.8417
1500,0.8371
1500,0.8373
1500,0.8423
1500,0.8339
1500,0.8313
1500,0.8363
1500,0.841
1500,0.8409
1500,0.8332
1500,0.8357
1500,0.8402
1500,0.8154
1500,0.8369
1500,0.8351
1500,0.8294
1500,0.8258
1500,0.8366
1500,0.8304
1500,0.8297
1500,0.8247
1500,0.8202
1500,0.8226
1500,0.8258
1500,0.8333
1500,0.8302
1500,0.8239
1500,0.8158

1875,0.6903
1875,0.7949
1875,0.8149
1875,0.8212
1875,0.8234
1875,0.8273
1875,0.8387
1875,0.8347
1875,0.8363
1875,0.8499
1875,0.8408
1875,0.8485
1875,0.8399
1875,0.8368
1875,0.8397
1875,0.846
1875,0.8319
1875,0.8498
1875,0.838
1875,0.8505
1875,0.8482
1875,0.8345
1875,0.8314
1875,0.8276
1875,0.8374
1875,0.835
1875,0.8337
1875,0.8249
1875,0.8254
1875,0.8194
1875,0.8275
1875,0.8323
1875,0.837
1875,0.8242
1875,0.8308
1875,0.8272
1875,0.8181
1875,0.8109
1875,0.813
1875,0.8085
1875,0.8183
1875,0.8217
1875,0.8289
1875,0.8216
1875,0.8222
1875,0.8392
1875,0.835
1875,0.816
1875,0.827
1875,0.825

2000,0.6393
2000,0.7738
2000,0.7963
2000,0.8195
2000,0.8202
2000,0.8258
2000,0.8299
2000,0.8398
2000,0.8409
2000,0.8387
2000,0.8355
2000,0.8486
2000,0.851
2000,0.8431
2000,0.8399
2000,0.845
2000,0.8355
2000,0.8493
2000,0.831
2000,0.8367
2000,0.8321
2000,0.8433
2000,0.8436
2000,0.8374
2000,0.8352
2000,0.826
2000,0.8259
2000,0.8318
2000,0.8135
2000,0.8319
2000,0.823
2000,0.8074
2000,0.8221
2000,0.8048
2000,0.8064
2000,0.8122
2000,0.8147
2000,0.811
2000,0.8005
2000,0.8286
2000,0.8155
2000,0.8054
2000,0.8026
2000,0.799
2000,0.8019
2000,0.8105
2000,0.7886
2000,0.7898
2000,0.793
2000,0.7784

2400,0.6399
2400,0.7769
2400,0.8048
2400,0.8185
2400,0.8179
2400,0.8304
2400,0.8312
2400,0.8226
2400,0.8276
2400,0.8359
2400,0.8388
2400,0.8427
2400,0.8353
2400,0.8378
2400,0.8438
2400,0.8378
2400,0.8466
2400,0.8421
2400,0.8411
2400,0.8404
2400,0.8301
2400,0.8395
2400,0.8323
2400,0.8285
2400,0.8396
2400,0.832
2400,0.836
2400,0.8328
2400,0.8347
2400,0.8376
2400,0.8315
2400,0.8419
2400,0.8315
2400,0.8316
2400,0.8282
2400,0.8349
2400,0.8355
2400,0.8252
2400,0.8252
2400,0.836
2400,0.8342
2400,0.8285
2400,0.8216
2400,0.8313
2400,0.8289
2400,0.8235
2400,0.8272
2400,0.8246
2400,0.8057
2400,0.8086

2500,0.6621
2500,0.7737
2500,0.7935
2500,0.8193
2500,0.8235
2500,0.8411
2500,0.839
2500,0.8447
2500,0.8331
2500,0.8374
2500,0.8427
2500,0.8455
2500,0.856
2500,0.8389
2500,0.8406
2500,0.8472
2500,0.8439
2500,0.8365
2500,0.8302
2500,0.8443
2500,0.8435
2500,0.8442
2500,0.8474
2500,0.841
2500,0.843
2500,0.8335
2500,0.832
2500,0.8257
2500,0.8396
2500,0.8279
2500,0.8251
2500,0.833
2500,0.8316
2500,0.805
2500,0.8239
2500,0.835
2500,0.8467
2500,0.8271
2500,0.8314
2500,0.8295
2500,0.8193
2500,0.8341
2500,0.826
2500,0.8275
2500,0.8264
2500,0.8262
2500,0.8224
2500,0.8113
2500,0.8209
2500,0.8137

3000,0.5962
3000,0.7538
3000,0.8063
3000,0.8308
3000,0.8474
3000,0.8483
3000,0.8465
3000,0.8509
3000,0.8585
3000,0.8526
3000,0.8516
3000,0.8499
3000,0.847
3000,0.8439
3000,0.8469
3000,0.861
3000,0.8567
3000,0.8593
3000,0.8498
3000,0.854
3000,0.8577
3000,0.8565
3000,0.8506
3000,0.8468
3000,0.8551
3000,0.8455
3000,0.8541
3000,0.8457
3000,0.8512
3000,0.8518
3000,0.866
3000,0.8371
3000,0.8334
3000,0.8343
3000,0.8434
3000,0.8343
3000,0.8303
3000,0.8351
3000,0.8353
3000,0.8336
3000,0.8287
3000,0.8293
3000,0.8463
3000,0.8292
3000,0.8338
3000,0.825
3000,0.8178
3000,0.8226
3000,0.8196
3000,0.8131

3750,0.4457
3750,0.8013
3750,0.8148
3750,0.8281
3750,0.8286
3750,0.8436
3750,0.8477
3750,0.8466
3750,0.8532
3750,0.8475
3750,0.8445
3750,0.8585
3750,0.8422
3750,0.858
3750,0.8496
3750,0.8584
3750,0.8418
3750,0.8501
3750,0.8492
3750,0.8398
3750,0.8583
3750,0.8401
3750,0.853
3750,0.8498
3750,0.8544
3750,0.8491
3750,0.8445
3750,0.8438
3750,0.8425
3750,0.8511
3750,0.8464
3750,0.8364
3750,0.8316
3750,0.8305
3750,0.8175
3750,0.8336
3750,0.8294
3750,0.8259
3750,0.8362
3750,0.8267
3750,0.828
3750,0.8377
3750,0.8377
3750,0.8301
3750,0.8274
3750,0.8263
3750,0.8302
3750,0.8264
3750,0.8201
3750,0.8222

4000,0.6041
4000,0.6982
4000,0.7948
4000,0.8144
4000,0.8337
4000,0.8424
4000,0.8395
4000,0.8398
4000,0.8487
4000,0.8491
4000,0.8538
4000,0.8534
4000,0.8525
4000,0.8581
4000,0.8571
4000,0.8469
4000,0.8591
4000,0.8465
4000,0.8483
4000,0.8549
4000,0.8479
4000,0.8508
4000,0.8549
4000,0.8425
4000,0.8544
4000,0.8387
4000,0.8412
4000,0.8418
4000,0.8492
4000,0.8393
4000,0.8402
4000,0.841
4000,0.8431
4000,0.8354
4000,0.8383
4000,0.8392
4000,0.8347
4000,0.8412
4000,0.8318
4000,0.8295
4000,0.8385
4000,0.839
4000,0.8457
4000,0.8398
4000,0.837
4000,0.8501
4000,0.838
4000,0.8389
4000,0.8433
4000,0.8299

5000,0.5818
5000,0.7603
5000,0.8048
5000,0.8234
5000,0.8359
5000,0.8421
5000,0.8343
5000,0.8526
5000,0.8419
5000,0.8479
5000,0.8581
5000,0.8505
5000,0.8492
5000,0.8574
5000,0.8487
5000,0.8444
5000,0.8422
5000,0.8518
5000,0.844
5000,0.8495
5000,0.8433
5000,0.8502
5000,0.8467
5000,0.8535
5000,0.8518
5000,0.8367
5000,0.8421
5000,0.8383
5000,0.8551
5000,0.8466
5000,0.8424
5000,0.836
5000,0.8506
5000,0.8525
5000,0.8412
5000,0.8441
5000,0.8344
5000,0.8339
5000,0.8343
5000,0.8333
5000,0.8392
5000,0.8306
5000,0.8222
5000,0.8304
5000,0.834
5000,0.8189
5000,0.8192
5000,0.8136
5000,0.8216
5000,0.8145

6000,0.29
6000,0.6342
6000,0.7796
6000,0.8129
6000,0.8361
6000,0.8488
6000,0.856
6000,0.86
6000,0.8572
6000,0.8588
6000,0.8562
6000,0.8539
6000,0.8552
6000,0.8654
6000,0.8711
6000,0.8661
6000,0.8794
6000,0.8697
6000,0.8577
6000,0.8653
6000,0.8605
6000,0.865
6000,0.8622
6000,0.8661
6000,0.8645
6000,0.8706
6000,0.8719
6000,0.8719
6000,0.8615
6000,0.8667
6000,0.8621
6000,0.8585
6000,0.8612
6000,0.8663
6000,0.8641
6000,0.8594
6000,0.8606
6000,0.8593
6000,0.8552
6000,0.8593
6000,0.8568
6000,0.8598
6000,0.8508
6000,0.8464
6000,0.8445
6000,0.8376
6000,0.8397
6000,0.8391
6000,0.8484
6000,0.8511

7500,0.2375
7500,0.6232
7500,0.772
7500,0.8158
7500,0.841
7500,0.8421
7500,0.849
7500,0.8531
7500,0.8578
7500,0.8495
7500,0.8482
7500,0.8584
7500,0.8664
7500,0.8604
7500,0.8634
7500,0.8539
7500,0.8584
7500,0.8496
7500,0.8517
7500,0.851
7500,0.8539
7500,0.8442
7500,0.8408
7500,0.8423
7500,0.8401
7500,0.8526
7500,0.8409
7500,0.8485
7500,0.85
7500,0.8398
7500,0.8305
7500,0.8316
7500,0.8285
7500,0.8484
7500,0.8355
7500,0.8317
7500,0.8399
7500,0.846
7500,0.8474
7500,0.8396
7500,0.8337
7500,0.8282
7500,0.8263
7500,0.8403
7500,0.8381
7500,0.8278
7500,0.8352
7500,0.8287
7500,0.8352
7500,0.8189

10000,0.3679
10000,0.4994
10000,0.6328
10000,0.6712
10000,0.7616
10000,0.8225
10000,0.8371
10000,0.8467
10000,0.854
10000,0.8577
10000,0.8694
10000,0.8643
10000,0.8734
10000,0.8726
10000,0.8803
10000,0.8678
10000,0.8739
10000,0.8724
10000,0.8856
10000,0.8783
10000,0.8803
10000,0.89
10000,0.8873
10000,0.881
10000,0.8833
10000,0.876
10000,0.8724
10000,0.8754
10000,0.8697
10000,0.8803
10000,0.8685
10000,0.878
10000,0.8657
10000,0.8775
10000,0.8702
10000,0.8691
10000,0.8652
10000,0.8633
10000,0.8651
10000,0.8775
10000,0.8676
10000,0.876
10000,0.8772
10000,0.8682
10000,0.8702
10000,0.8672
10000,0.8718
10000,0.8745
10000,0.8808
10000,0.8715

12000,0.3297
12000,0.6052
12000,0.7614
12000,0.8114
12000,0.8295
12000,0.8432
12000,0.8518
12000,0.8596
12000,0.862
12000,0.8673
12000,0.8652
12000,0.8671
12000,0.8752
12000,0.871
12000,0.8679
12000,0.8621
12000,0.8623
12000,0.8721
12000,0.8702
12000,0.8692
12000,0.859
12000,0.8517
12000,0.861
12000,0.8599
12000,0.8647
12000,0.8649
12000,0.8676
12000,0.862
12000,0.8538
12000,0.8617
12000,0.8639
12000,0.8634
12000,0.8524
12000,0.8578
12000,0.8477
12000,0.8503
12000,0.8413
12000,0.8523
12000,0.8502
12000,0.8506
12000,0.8495
12000,0.8501
12000,0.8407
12000,0.8421
12000,0.8332
12000,0.8394
12000,0.839
12000,0.8403
12000,0.8372
12000,0.8449

15000,0.3431
15000,0.639
15000,0.7
15000,0.8037
15000,0.8085
15000,0.8306
15000,0.8474
15000,0.8551
15000,0.8611
15000,0.8663
15000,0.8778
15000,0.8704
15000,0.8707
15000,0.8774
15000,0.8833
15000,0.8706
15000,0.8671
15000,0.8804
15000,0.881
15000,0.8695
15000,0.867
15000,0.8639
15000,0.8705
15000,0.8621
15000,0.8752
15000,0.871
15000,0.8696
15000,0.8622
15000,0.8604
15000,0.8534
15000,0.8643
15000,0.8599
15000,0.8551
15000,0.8594
15000,0.8524
15000,0.8561
15000,0.8481
15000,0.8546
15000,0.8548
15000,0.8564
15000,0.8639
15000,0.8578
15000,0.8636
15000,0.8531
15000,0.8541
15000,0.8402
15000,0.849
15000,0.8454
15000,0.8411
15000,0.8492

20000,0.3095
20000,0.1738
20000,0.5389
20000,0.5947
20000,0.6811
20000,0.7146
20000,0.7563
20000,0.8138
20000,0.8368
20000,0.8385
20000,0.8506
20000,0.8572
20000,0.8698
20000,0.8723
20000,0.8799
20000,0.8739
20000,0.8746
20000,0.8753
20000,0.8746
20000,0.8695
20000,0.8771
20000,0.8696
20000,0.8743
20000,0.8783
20000,0.8712
20000,0.8818
20000,0.8761
20000,0.8795
20000,0.8822
20000,0.8809
20000,0.8707
20000,0.8797
20000,0.8753
20000,0.8804
20000,0.8777
20000,0.8724
20000,0.8804
20000,0.8692
20000,0.8783
20000,0.8754
20000,0.873
20000,0.877
20000,0.8795
20000,0.8731
20000,0.8706
20000,0.8745
20000,0.8803
20000,0.8721
20000,0.8791
20000,0.8813

30000,0.1042
30000,0.3806
30000,0.4878
30000,0.6142
30000,0.7207
30000,0.7953
30000,0.8231
30000,0.8307
30000,0.843
30000,0.8483
30000,0.8541
30000,0.8659
30000,0.8687
30000,0.863
30000,0.8738
30000,0.8703
30000,0.8721
30000,0.8708
30000,0.8756
30000,0.8829
30000,0.8784
30000,0.873
30000,0.8768
30000,0.8748
30000,0.8675
30000,0.8716
30000,0.8722
30000,0.8715
30000,0.8723
30000,0.8755
30000,0.8796
30000,0.8695
30000,0.8809
30000,0.8773
30000,0.8804
30000,0.8783
30000,0.8767
30000,0.8772
30000,0.8765
30000,0.8738
30000,0.8766
30000,0.8739
30000,0.8741
30000,0.871
30000,0.877
30000,0.8765
30000,0.8734
30000,0.8762
30000,0.8754
30000,0.8664

60000,0.1416
60000,0.2999
60000,0.5504
60000,0.6198
60000,0.6736
60000,0.7109
60000,0.7754
60000,0.8251
60000,0.8427
60000,0.8509
60000,0.8534
60000,0.8574
60000,0.8459
60000,0.8554
60000,0.8623
60000,0.861
60000,0.8659
60000,0.8709
60000,0.8735
60000,0.8668
60000,0.8793
60000,0.8819
60000,0.8778
60000,0.8802
60000,0.8814
60000,0.8895
60000,0.8887
60000,0.8879
60000,0.8903
60000,0.8934
60000,0.8908
60000,0.8926
60000,0.8931
60000,0.8984
60000,0.8948
60000,0.8966
60000,0.8954
60000,0.89
60000,0.8878
60000,0.8908
60000,0.8903
60000,0.8896
60000,0.888
60000,0.8871
60000,0.8867
60000,0.8799
60000,0.8906
60000,0.8927
60000,0.8988
60000,0.8933

